<svg  width =300 height=300>
<g transform="translate(0.000000,233.000000) scale(0.100000,-0.100000)"
fill="blue" stroke="none">
    
<path d="M940 2017 c-80 -27 -150 -73 -255 -167 -84 -76 -163 -134 -230 -167
-54 -28 -170 -63 -206 -63 l-29 0 41 -42 c94 -97 99 -126 99 -573 0 -403 4
-443 57 -535 61 -107 156 -181 331 -259 171 -76 274 -134 306 -171 l26 -32 26
32 c32 37 135 95 306 171 208 92 307 183 365 330 15 38 18 100 23 464 l5 420
26 55 c14 30 44 73 66 96 l40 41 -61 10 c-134 24 -256 92 -401 222 -44 40
-107 91 -140 112 -120 79 -267 100 -395 56z m279 -56 c61 -23 124 -68 243
-177 47 -43 111 -94 141 -112 61 -37 179 -81 216 -82 l24 0 -20 -22 c-23 -26
-41 -57 -56 -102 -6 -19 -13 -195 -16 -446 l-6 -415 -28 -59 c-59 -127 -156
-208 -344 -287 -139 -59 -217 -101 -260 -142 l-32 -30 -27 26 c-36 36 -118 81
-262 143 -196 85 -289 162 -349 290 l-28 59 -6 415 c-3 255 -9 427 -16 446
-15 44 -33 76 -55 100 l-19 21 60 12 c115 23 188 68 388 244 43 38 96 80 118
93 96 56 227 66 334 25z stroke=" blue" stroke-width="10""/>
<path d="M1033 1883 c-10 -3 -13 -48 -13 -174 l0 -170 61 3 61 3 -1 165 c-1
116 -5 167 -14 172 -13 8 -75 9 -94 1z stroke=" green" stroke-width="20""/>
<path d="M850 1803 c-25 -21 -67 -59 -95 -84 -27 -26 -68 -62 -90 -79 -44 -36
-151 -90 -176 -90 -25 0 -29 -10 -14 -34 18 -29 35 -116 35 -181 l0 -55 70 0
70 0 0 62 0 61 79 -76 79 -77 61 0 61 0 0 68 0 68 -70 69 c-38 38 -70 73 -70
77 0 5 25 8 55 8 l55 0 0 150 c0 83 -1 150 -2 150 -2 0 -23 -17 -48 -37z"/>
<path d="M1260 1691 l0 -151 54 0 c30 0 57 -4 60 -8 3 -5 -26 -40 -64 -77
l-70 -69 0 -68 0 -68 60 0 61 0 77 74 77 75 3 -60 3 -59 64 0 65 0 0 49 c0 61
16 146 34 182 15 30 12 39 -14 39 -40 0 -159 73 -240 147 -47 43 -104 93 -128
111 l-42 34 0 -151z"/>
<path d="M823 1205 c-13 -9 -28 -33 -34 -54 -24 -81 14 -148 90 -158 35 -5 44
-2 71 25 16 17 30 35 30 41 0 17 -56 13 -70 -4 -29 -35 -70 -6 -70 50 0 39 18
65 45 65 13 0 26 -4 29 -9 8 -12 55 -20 62 -10 3 5 -8 23 -25 39 -34 34 -91
41 -128 15z"/>
<path d="M1017 1213 c-4 -3 -7 -55 -7 -115 l0 -108 70 0 c62 0 74 3 95 25 30
29 31 45 5 78 -11 14 -16 27 -11 29 5 1 12 15 16 30 11 45 -22 68 -98 68 -35
0 -67 -3 -70 -7z"/>
<path d="M1234 1207 c-2 -7 -3 -58 -2 -113 l3 -99 28 -3 c26 -3 27 -2 27 42
l0 46 40 0 c36 0 40 3 40 25 0 23 -4 25 -41 25 -33 0 -40 3 -37 18 2 13 15 18
51 20 43 3 48 5 45 25 -3 20 -10 22 -76 25 -54 2 -74 -1 -78 -11z"/>
<path d="M520 1105 l0 -65 63 0 62 0 -1 62 -1 63 -61 3 -62 3 0 -66z"/>
<path d="M1520 1105 l0 -65 60 0 60 0 0 65 0 65 -60 0 -60 0 0 -65z"/>
<path d="M733 880 c-37 -38 -71 -70 -75 -70 -5 0 -8 27 -8 60 l0 61 -67 -3
-68 -3 0 -135 c0 -133 1 -137 33 -202 53 -108 166 -197 325 -257 l27 -11 0
175 0 175 -55 0 c-30 0 -55 3 -55 8 0 4 32 38 70 75 l70 68 0 64 0 65 -65 0
-64 0 -68 -70z"/>
<path d="M1239 943 c0 -5 0 -35 -1 -67 l0 -59 71 -69 c39 -37 71 -70 71 -73 0
-3 -27 -5 -60 -5 l-60 0 0 -175 c0 -96 2 -175 5 -175 3 0 48 20 99 45 122 58
203 131 248 223 32 65 33 69 33 202 l0 135 -62 3 -63 3 0 -61 c0 -33 -3 -60
-8 -60 -4 0 -39 32 -77 70 l-69 70 -63 0 c-35 0 -63 -3 -64 -7z"/>
<path d="M1019 498 c0 -95 -2 -186 -3 -201 -1 -21 6 -34 31 -53 l33 -25 34 26
c27 21 34 32 31 53 -2 15 -4 105 -4 200 l-1 172 -60 0 -60 0 -1 -172z"/>


</g>

</svg>